status_id
1298911792496816128
1298954889595424770
1298973239134355458
1298976865521025024
1298977344799911936
1299005713654710277
1299038580724162560
1299239927025205248
1299371971864653824
1299407834459799553
1299549192562642944
1299596399248584704
1299609464773816321
1299611567898624000
1299612213330587648
1299615470501453824
1299615790904340487
1299621005988593665
1299662154463875073
1299705323570130944
1299754048195706880
1299860350247075843
1299899791762055168
1300156651878612995
1300158058492985345
1300167877933309955
1300169575451910144
1300170307722858496
1300172622076968963
1300173162173272064
1300177792118730754
1300180776659558400
1300202568409206784
1300363263893549056
1300376465746337794
1300381662736453632
1300454862556028930
1300455250814480387
1300455583556886534
1300502378332983311
1300730081841745921
1300772640798498816
1300773160019787779
1300803303895379968
1300804624652304392
1300834673547980803
1300910454559170563
1300927759716413442
1301350644436086784
1301500832744116225
1301578992022102016
1301597537179242499
1301869443136528385
1301951666946633729
1301967228284280832
1302031736579203079
1302151859524612096
1302191385337049088
1302191614144720896
1302280185010479104
1302287713312411650
1302289777581060096
1302299275712491520
1302316034439995400
1302323354108604420
1302392076856942593
1302393014942343168
1302395688773390340
1302524313455792135
1302539085580566529
1302587343677927424
1302932178242859008
1302932457126322176
1302934945875349504
1302936076374487041
1302936402708041730
1302951972946030594
1302963651712823296
1302979579691311104
1303000567242010633
1303001480736247809
1303004494268162048
1303007633746599937
1303023073243869185
1303048214338252800
1303100287792697345
1303102607230218241
1303103198740328449
1303248143266361344
1303338414096424961
1303455142382120960
1303459480408076290
1303459552155795456
1303460482716708865
1303462330085322761
1303463236076011521
1303464003465875456
1303464352708792323
1303466622154403840
1303468457246167040
1303484830093651970
1303571000290934785
1303622326865534976
1303629174595301376
1303717972956057600
1303749291438215170
1303826740104572933
1303860392486076416
1303863621106036736
1303923022764675072
1304100132946882560
1304256019770548230
1304256325455613952
1304257716928602116
1304358930873815040
1304396240604532736
1304396990508421121
1304403412864425984
1304433914572922887
1304438011850096641
1304473220242833411
1304502341626888197
1304506297333805061
1304547753855508480
1304666756498305024
1304787041637543937
1304842067995242497
1304975161943363584
1305006512272793602
1305007355730563072
1305120487253606400
1305130186254569473
1305164526128635906
1305178214780858369
1305207614356312064
1305209681548324869
1305216377477890048
1305317051590995969
1305317342637940742
1305334998652915712
1305363632092450817
1305363710698029058
1305379076752973825
1305406858094497792
1305524121241972737
1305537686346833921
1305545802920599552
1305647892070379520
1305786884946366466
1305788242764148737
1305788582192349184
1305789066886209537
1305789296763449344
1305790226242048000
1305790755634642944
1305986923287191552
1306037251504209920
1306185465624748032
1306257582005387268
1306272467015684100
1306308346253905920
1306319572274941955
1306322362552520704
1306350811543490561
1306353536331116549
1306373432393846784
1306374464448475140
1306374498497765376
1306374921690390530
1306384962279501824
1306388088281849857
1306389081203466240
1306405674084114437
1306410553213026304
1306416845008908288
1306418285546803202
1306420759829585926
1306423525482340353
1306437760782303233
1306452039719727105
1306452857705631744
1306452884859637760
1306454527915196417
1306454544319119362
1306462214774235137
1306470254818856961
1306470812124434432
1306470928184782849
1306517256822829056
1306524661883326464
1306526692576501760
1306565478425526272
1306587622861680645
1306597179633491971
1306628327378227212
1306940561249665025
1306941554762878978
1306984428900671497
1306985030997225475
1306989854945804290
1307022342284083201
1307028162656829441
1307107799772680198
1307107943217795074
1307115314073698304
1307120432944947202
1307152383819079680
1307152971365572614
1307154006297530368
1307154894714015745
1307156319200108553
1307162969684553728
1307353983724343296
1307395259618402305
1307396984047689728
1307437628527202306
1307622287500165121
1307746347659993090
1307871314745733123
1307873640239767552
1307873820875853824
1307875933047738368
1307876980751298561
1307877288323604482
1307877488694042626
1307889698249928704
1307889897118859264
1307889985031471104
1307890806959857664
1307900506145206274
1307901662078660608
1307902135112069121
1307902511492333569
1307906202312085504
1307909489706831872
1307912855992270848
1307915559217106946
1307925465584279553
1307934150637256705
1307939686430765058
1307940676814819330
1307942102656000000
1307959911050022914
1307964418962198528
1308011999050248206
1308020344838590464
1308020719532617729
1308023641662251008
1308028748156014592
1308029380157898754
1308030413143670786
1308035388112592898
1308035440767688707
1308035468974489600
1308035633445732355
1308036865631510528
1308038672575594497
1308039919064018944
1308040288548646914
1308041381479407622
1308041633989111808
1308041873311793152
1308042545432276994
1308042581863997440
1308043545983492097
1308043673997901828
1308043718499250177
1308043758974492672
1308043941753872388
1308044193886019585
1308044376552157184
1308044921165746179
1308047714475671553
1308048177132703746
1308050701835091969
1308052724047544321
1308053848112738304
1308054255916535809
1308060395584647168
1308060520239509506
1308062381830860805
1308069278248296450
1308098068005281793
1308107830919131138
1308111803524829184
1308114925093564416
1308141500291788802
1308142903500443655
1308149672247283713
1308151864219795463
1308155347450953728
1308164221633470466
1308164459416956929
1308164904768204800
1308165148834758658
1308166340944027648
1308166692405641216
1308167724456202245
1308169290311499776
1308169477192929281
1308169787776798720
1308170354347724801
1308171805698519041
1308171921138294786
1308186141699518465
1308187631503712261
1308196738440638464
1308198654394675201
1308209252226314240
1308224222955819011
1308224255448948736
1308264451704000521
1308265642622160896
1308268971301515270
1308277626851688448
1308282398203736065
1308288078654521347
1308298016973967362
1308301708481556480
1308304774723493896
1308307310423543808
1308310722011697152
1308314508432232454
1308438986210373634
1308442331683713030
1308448137971994631
1308468583752773633
1308469616721776643
1308469978316890113
1308478068634324992
1308486020455899136
1308542776758300673
1308544429951717383
1308558835930591232
1308589105861652480
1308606676958957568
1308612610850533380
1308613514903408642
1308616623448883200
1308802002663739392
1308940564977659906
1308942071345053697
1308942520588603399
1309228730934534144
1309230465165991936
1309263545385848834
1309369278500495360
1309453727233908736
1309455044543213568
1309467897648099329
1309478416555495424
1309478726015488000
1309613996987867136
1309807673240694790
1309825407517184003
1309859523868291072
1309891397542060033
1310031311738990592
1310099727954870273
1310140748612812800
1310165185978564610
1310218064965914625
1310235941508845568
1310298930903568384
1310305638241783809
1310305772895498241
1310315570986917889
1310322503529750536
1310324469379076096
1310325928929693696
1310338673045630977
1310338910577360897
1310403149056954368
1310555684354904072
1310556099846844416
1310556265249157120
1310571026720399360
1310580979187187712
1310586052613029888
1310597474181156866
1310668999315853314
1310669911656669184
1310814556722135040
1310872466051526662
1311017724152369154
1311135853771714560
1311381697213149184
1311484177057865728
1311485513044430848
1311581139358810114
1311659535212322816
1311662751840833536
1311662824033189891
1311674308893302785
1311675052639678464
1311675589368205314
1311686524333895682
1311707333404303367
1311721934225395712
1311829080220798976
1311871497246441472
1311935700879761408
1311994842063478786
1312083243945136129
1312202890526695424
1312323368134340609
1312344984293695491
1312347065951887360
1312441931109072896
1312458486786129920
1312527941528559618
1312532498904096768
1312532612099895297
1312533221024755712
1312593555450290178
1312632660200755200
1312774532545929217
1312789884655087616
1312791020510339073
1312798871471501312
1312846952460103691
1312914757029158912
1313148335667191809
1313163200762916870
1313164934247841793
1313165393347907584
1313200864060993536
1313334605529841666
1313352798621192194
1313363609653776384
1313364251700994048
1313401389402517504
1313401693573349376
1313408984049741825
1313452227110096897
1313513590889086976
1313517735025020930
1313518409657786371
1313533813713235973
1313544486774075394
1313545277685542919
1313556979600760832
1313931611503689728
1313948324093853697
1314014831071068160
1314087613318475777
1314128453927661568
1314168956832354306
1314214964266057728
1314235947928686593
1314260755651407872
1314291225302691840
1314303476592046080
1314350542827683840
1314378000633262081
1314433653825572865
1314498537737125888
1314590670632386562
1314591197390925824
1314596878458200064
1314607108906717191
1314770668509159424
1314773267580768258
1314774396721078272
1314778143773908992
1314822395388030977
1314925728459177984
1314929880598016001
1314991586170884096
1315048377806192640
1315138491139993604
1315156726790983680
1315180958774042624
1315349656814182400
1315355776291143682
1315378553861681152
1315378958083534849
1315410469620977666
1315442968149590018
1315557106976722944
1315718727602769920
1315729078511702017
1315822555287244802
1315967381487996928
1315976450688851968
1316004229182562304
1316005297706602498
1316010440623751168
1316011838639808515
1316027726344736768
1316037191273979909
1316057095314210818
1316065505996931080
1316079248080330753
1316209229569556480
1316395541824188418
1316421410894622720
1316425316890537984
1316493581440421888
1316499797927432194
1316510175298310145
1316651665295106048
1316658382410051584
1316659034087399424
1316660387056672768
1316661660040470533
1316664068380528641
1316732961350471682
1316734457932636160
1316938533530120198
1316952685753630720
1316979742768304129
1317093869725585408
1317100432964128770
1317155990232567808
1317157450571800580
1317193801652424705
1317223359973937158
1317280151403745281
1317306618137202688
1317399874455953410
1317400492813783042
1317401063159451649
1317401703826755589
1317408922655916032
1317451157770469378
1317498451723243524
1317600022083653642
1317901337833705473
1317903319969521664
1317903321454284801
1318148210247028736
1318152181778874369
1318182864685387776
1318185946194477059
1318216440676306945
1318338092365905920
1318453074986487808
1318598041197228032
1318602014063009793
1318623655845335042
1318628785869258757
1318639335365804039
1318692173899046913
1318692486622154754
1318770930504577024
1318772773188194304
1318914460652883971
1318922449875050496
1318982558403727360
1318989454426722306
1318994283861594112
1318994565731332096
1319021727901515777
1319022165451223040
1319067192890183682
1319107988301500418
1319148772950159366
1319205878353043456
1319206446370783233
1319218176547344384
1319258174097137664
1319311249268617218
1319313782707900417
1319314123881000960
1319410279487188993
1319560929772818432
1319570133916905473
1319608728920915968
1319662012436254720
1319762103096528897
1319784752212213761
1319786490029891586
1319787154533474304
1319800754773938178
1319831676558569481
1319915716754063362
1319960890054234116
1319961274730631168
1319963736342433792
1319965696793739265
1319966514620043264
1319968656034463746
1319971459708653568
1319971513685204992
1319972510755160064
1319972672395247616
1319972817543323649
1319972849004806145
1319972895926476801
1319973061454712832
1319973149740498944
1319974150073585665
1319975613738946561
1319976868838330368
1319976983955005443
1319977231763066880
1319977491407249408
1319979010479263746
1319979318706118657
1319982665236361218
1319984210124414977
1319988631201812480
1319992224244027400
1319992691741130756
1319994803405377536
1319997993697841153
1319998351828541440
1319999836377186304
1320004768467722241
1320013205746241541
1320025814277279748
1320045056007540736
1320047280045674496
1320048383080468482
1320053135361085441
1320066895949799424
1320076257283932162
1320078128782475264
1320084058471337986
1320093825726119938
1320118041544458245
1320118175581831168
1320118373016096769
1320122619593510912
1320130799518306309
1320147773057093633
1320370100009095168
1320379334541049856
1320458763040477184
1320591475718184961
1320613201059344384
1320764080349728768
1320766057288785921
1320793906531856384
1320804630675247106
1320805529741103107
1320809358733705216
1320840674132938752
1320841795400540165
1320850093029822464
1321239019003514881
1321244373129056256
1321261225951592448
1321261227847393280
1321261228946325505
1321326055173574656
1321482019088465921
1321484887585677312
1321486240001232897
1321488068717719552
1321488378978799616
1321490738375372800
1321495995860029443
1321496102009528321
1321496786872270850
1321500635238408193
1321513289621405707
1321514957595443206
1321516809779032065
1321531783737937920
1321531793418440705
1321532765024755713
1321546563810811905
1321550550098272256
1321554328210051072
1321572359636054016
1321579892522319874
1321581944526831616
1321583949009821697
1321614838586630151
1321615216904462336
1321651205911814146
1321701118704058368
1321707913572999168
1321717582177718273
1321857674221359104
1321858514734690305
1321877679268913154
1321878112666341377
1321878119624658944
1321880769099419650
1321880904126631940
1321883043657879552
1321884432303874053
1321887336179912705
1321889558389284867
1321898481984901120
1321902869969358848
1321908192872419346
1321919515987447808
1321919921408909312
1321920696117874689
1321927342172889090
1321984752392511492
1322117511501012992
1322157326707642369
1322204244196446212
1322206832891432961
1322243376155107330
1322243862677622784
1322244534122676226
1322244873962037248
1322247691095650304
1322248971604140036
1322288416730439680
1322314868565938177
1322315811747360769
1322319085389176832
1322324958882746369
1322330097769209861
1322338955681918978
1322352928456232961
1322352955484372993
1322458201195868160
1322654372753494018
1322926580365230081
1322949117224591363
1322953508883173379
1323097391864700932
1323371074403356674
1323397899326312448
1323413806979178496
1323537301507575808
1323712173747691531
1323726944605622272
1323735459361705984
1323749864979587073
1323789470882148352
1323790612601147392
1324005937074548736
1324082818578849794
1324083648224620544
1324094582116798471
1324112828614221829
1324114615366684672
1324144640669458433
1324340487684345867
1324420764406292484
1324423785169211401
1324667174842224640
1324786319923552258
1324838915124023296
1324857649633103875
1324984920687570944
1324991039984300032
1324999155761164289
1325100705892470786
1325353558783512577
1325353667122388994
1325359170690879490
1325363542690852864
1325374330033868800
1325497222017003521
1325608671917858822
1325876323751964673
1325931585733074944
1325939123358666755
1326097492417667072
1326264201946427394
1326264461074735106
1326268495882022915
1326274360076881931
1326280181208797185
1326292894764986378
1326389432614842368
1326400641296633858
1326439692531863557
1326529354319486977
1326530248528302081
1326579177710104576
1326587688879874049
1326591030125269006
1326679861247815680
1326776048390955010
1326817874070134784
1326931784169185280
1326971235398520832
1326995000937295873
1327299043643580417
1327313556203851777
1327349305527603200
1327419385640857600
1327501349957869569
1327534714832510976
1327534733874655233
1327560493008117760
1327560531423752192
1327630261463478272
1327684273315450880
1327690630290616320
1327741130214166528
1327785081797283840
1328037504402948096
1328137947095441420
1328140629059248128
1328175160453701633
1328284949959602178
1328315086608470022
1328388311329619968
1328397323836280834
1328582741252837377
1328682389867012096
1328761518087876608
1328763324004245505
1328827408640860160
1329060877371322370
1329061360622301187
1329130437814448128
1329151359199940610
1329197235725365250
1329335462390009856
1329376603005214721
1329440049717506048
1329456967975366666
1329483923571810305
1329509291531718656
1329524550439030784
1329528714003099648
1329531924952584194
1329532814010757125
1329533772992286731
1329534151775674368
1329536508483788800
1329542218361794560
1329605243596804097
1329673272871571457
1329694708638085122
1329823744379002880
1329843674138611713
1329864599173259269
1329873955042320399
1329892464581251073
1329892887895523328
1329893837393674241
1329977669094543360
1330150499727921152
1330156838000726020
1330163863891927046
1330174485652250625
1330178032313700356
1330213611856334849
1330217259936182275
1330459307155001345
1330524475624992769
1330536170284060674
1330536356037226499
1330544823271518209
1330636734342848513
1330650380426899456
1330740176969224192
1330766800426962944
1330888130967130119
1330934958928633856
1330945523289911296
1330965047242264582
1330965214402064384
1330967439425802240
1330987475133751299
1331017606501965831
1331040097605722117
1331051526157197315
1331075244514283523
1331149291126095872
1331173153004023809
1331189631476502528
1331190338950737921
1331190371766968320
1331190431254798337
1331203482821517313
1331262878192693250
1331310410713141253
1331584169713881089
1331584813158051840
1331585873318719489
1331635836153180160
1331656180419203073
1331682341333463040
1331682396438228994
1331694627779469317
1331696014047260677
1331701562104803329
1331703186336440323
1331706876099260417
1331709256979128320
1331715369099259905
1331715562817413123
1331722585445425152
1331738023285960711
1331738845868683270
1331811376667439105
1331854211844370432
1331873610269487104
1331888075425931264
1331992573985120260
1331993200098217990
1332042656990498823
1332102636926013441
1332169686360866816
1332643615697477635
1332652776489422848
1332683748400361472
1332684456705011712
1332685161192972288
1332687030803894274
1332689090656034818
1332723820130656256
1332725961742282752
1332764495844962305
1332767390686453766
1332768985117581313
1332808934831349760
1332820441212346369
1332820564864589828
1332820631616950274
1332820708028768257
1332822747186130944
1332823359701348357
1332862436131663872
1332906907904794626
1332992707229315074
1333128791313555460
1333153844654698497
1333223187585388547
1333226029452849154
1333247458294386688
1333402934315540486
1333467077798223872
1333493689210036227
1333502342566735873
1333690472825499648
1333707846689681408
1333774351154425857
1333778168285704192
1333801734527873026
1333941394919010304
1334020312409763841
1334063992470441984
1334086703183761410
1334186519515566080
1334198855588597760
1334199269163749385
1334203688764678144
1334203994026217484
1334219829109084161
1334240512128258048
1334284660982099968
1334284665197367298
1334285447472803841
1334288096104476674
1334303119795056640
1334409952333541383
1334410412155170817
1334472142281293825
1334477189690122240
1334504229168427012
1334530683751030787
1334566663073787909
1334595509290496003
1334682687571976193
1334682861325213696
1334766844616511490
1334767266165088256
1334778826895872000
1334963420626636800
1335017856614899712
1335093566893301760
1335132184517226496
1335239286371835910
1335241763062091781
1335243098327158784
1335245245316014084
1335246798005342208
1335246860735418369
1335249588295520258
1335283907516895232
1335288153540849665
1335337287710863364
1335354587805466624
1335382841681534976
1335582780877643778
1335599255818530817
1335682361510547462
1335713195626016772
1335767432724705280
1335849959992696833
1335914365648838656
1336041114382589953
1336042799993597953
1336043321337253898
1336043705921310720
1336067161132068867
1336075402410926085
1336088913073426432
1336091002856148993
1336268358619197444
1336271868941262849
1336286833265741824
1336384825062780928
1336431398274686978
1336434509823299587
1336449651311058944
1336463620738310156
1336489168881520643
1336493632308666368
1336494789966094337
1336503907955204096
1336556955540877312
1336582738124496897
1336644452828532736
1336684294618533891
1336733252309168132
1336741848262459393
1336782097176875009
1336782278542888964
1336782880039550976
1336783100085465088
1336785257291517954
1336785443950616576
1336786123666952205
1336787014822334467
1336787749576335364
1336788024567476227
1336789292908068865
1336790682967683072
1336794739346063360
1336801277133553664
1336806171928309761
1336814848638738432
1336817192327933952
1336817242256752640
1336827340014411778
1337033000345866241
1337037659487793153
1337041572072984588
1337062546696757254
1337099594396680192
1337148863187197956
1337159991833341955
1337286188957392896
1337407542792744961
1337409701349306371
1337449538580344832
1337491579926441987
1337509076071292928
1337532180369711104
1337558993179316224
1337562024994353152
1337685797273825282
1337700057932414976
1337722542342217728
1337749757096288259
1337756091665551361
1337757248882417664
1337778002512515079
1337794645284294657
1337830087631245318
1337850993061588999
1337958868584947714
1338161974195216386
1338162819913707520
1338164953904279552
1338230522636546048
1338236964567306241
1338440165090537472
1338440863404478465
1338441591988563968
1338504627906637826
1338506204046356482
1338603350183567363
1338604864688041994
1338778626943234049
1338803517264420864
1338804197312122882
1338810170592423936
1338810762815483904
1338827237651587072
1338888590999375878
1338907045907505153
1338952388116353024
1338952411155664898
1339163433770618881
1339497137390936066
1339500417659645952
1339530896966373378
1339566476500455424
1339588382905651200
1339617055822254082
1339622519423135745
1339630214855471105
1339712988866076672
1339887543484112896
1339905497340796933
1339994549154811905
1340032959651438592
1340086865114918912
1340357099558199296
1340392100471386114
1340404111318118401
1340405288755748865
1340415216379674624
1340434220183908352
1340589162588758017
1340700851774623745
1340734682816720898
1340736059345432580
1340757019935076357
1340817402158845955
1341039221914693632
1341184815995883520
1341196114519871489
1341199067553038336
1341203489540739072
1341204750088482817
1341744130536435712
1341775148668645378
1341775650781360129
1341840985039499267
1342089069698949120
1342114936755990533
1342166321459560462
1342186108139003906
1342186110273912832
1342191999118692352
1342304109899083777
1342316324484075520
1342351110456152066
1342359213234925570
1342413491995635718
1342502116938702848
1342587399470252035
1342600408074633216
1342627139158376448
1342725610972569600
1342775868347699203
1342818140447780864
1342843835936886784
1342845159675990017
1342845263887667200
1342848322265096198
1342848532445859840
1342848731486404616
1342849811905703937
1342850237585645568
1342851752148815874
1342860762889465856
1342867438803808257
1342867581288542209
1342868820218834945
1342868907821031424
1342876986767761408
1342877500276355073
1342878621770387461
1342882806888869890
1342883589336297472
1342887662089363459
1342888255793094659
1342904113219186690
1342914923412787200
1342965451798659073
1342983827086602240
1342992124296503296
1343016650686259200
1343078884867072000
1343131091574673410
1343226374815952896
1343258251027238912
1343266404108218369
1343289740209102855
1343342743607767041
1343344141359407105
1343511682606362625
1343528635966304258
1343546981944356864
1343547554689122306
1343590805030764547
1343626575816888329
1343748779841875969
1343826119380889603
1343841922876641280
1343847752174891009
1343895880026501120
1343899430144118784
1343996082880012289
1344000197077024769
1344093880690614272
1344116798157778944
1344119632827797506
1344154774455902209
1344257625966452736
1344331426636861440
1344384393767485440
1344424047891931137
1344425221265252352
1344431177134993420
1344443313227583488
1344446874489655297
1344451138842746880
1344475490816430081
1344542948877340672
1344665801173966849
1344668199808282629
1344669276981096456
1344674918923980801
1344689299426574342
1344725057193570310
1344755477142499329
1344782409259073537
1344925937054470145
1344935592996577281
1344997928486764544
1345133837030985729
1345231760624295936
1345379422426247171
1345383418952114177
1345383771877601287
1345384547521880064
1345385411628183558
1345386096797085696
1345388850290548741
1345391395297783808
1345392249442619393
1345397524430016512
1345411824381009923
1345418601407385600
1345462952569278471
1345474438725214208
1345506337636163584
1345508037331718145
1345510160438059009
1345510679478939648
1345511739576766467
1345512195078164480
1345682767590293508
1345687817117073413
1345688740140822529
1345725601655754753
1345756484618104833
1345798997030666243
1345859604345999360
1345987602239913984
1346015887296507906
1346162351129636870
1346164963950407680
1346284852224684033
1346295083558199299
1346387480812150784
1346471506151239681
1346492888121831431
1346494557773561858
1346533253184974849
1346540867658637313
1346551276151078913
1346554697126084608
1346557103746461699
1346604328593879042
1346638792472588296
1346640030320783361
1346743489686626304
1346813427264720896
1346851510295138309
1347118647173668864
1347200261102702597
1347203022657515523
1347224217893433346
1347538951112949761
1347643456613658624
1347667269661446147
1347704125308489731
1347706509644410883
1347707122650411008
1347707741993885696
1347711080445997056
1347712470375411714
1347726214417432580
1347740293622280195
1347795364179542017
1347857085803995137
1347966616936583171
1348087492319137793
1348090500679487493
1348390471228293120
1348414855053783042
1348423899726315523
1348426930924654593
1348427195761504264
1348588293886275584
1348593813544120321
1348646126782701576
1348646321897533443
1348656250842730496
1348695375704678405
1348768932061196291
1348825109906132992
1349040468420513794
1349041199278002177
1349044341268836353
1349095698738933765
1349183298187251720
1349189978904027137
1349240391338397696
1349398674871365633
1349405515739181056
1349424132065259520
1349668562575659011
1349670095879081985
1349671064410984451
1349672003326758912
1349751785343299584
1349796601041190912
1350106436236357633
1350249351071887363
1350354226560569344
1350508699002023937
1350508700541341697
1350553095080734726
1350554531839545344
1350748544957784064
1350863505080143873
1350882478903451654
1350916996926484482
1350933599764275208
1351046156680384512
1351073477260931075
1351125299619102721
1351141777433124865
1351180949258706947
1351598853846413315
1351610093213773824
1351644103327555589
1351665683361378304
1351799997369516033
1351842934589681672
1351902590817153025
1352305886694354950
1352319372140961793
1352361458693271553
1352647770235154432
1352653937724297218
1352700790654296066
1352859795724800002
1352908756506583041
1352952508184932353
1352957108405362690
1352977342528958467
1353121122745806848
1353349930270785538
1353361281634471938
1353468123853291520
1353678115717980164
1353690032846987266
1353702775625048067
1353710685008646151
1353878017018363908
1354021166353178624
1354127908776923142
1354195231474929670
1354214179335524357
1354273917138067467
1354274168028737537
1354274862689374213
1354489082789826560
1354492017234096140
1354620523905511426
1354621738827599873
1354630919898988545
1354651184611602438
1354689754499960833
1354801910654541825
1354897128867422209
1354924001743822854
1354998174289563650
1355092141563912192
1355113157342224385
1355115769730899968
1355218519235784704
1355241579695525889
1355380494636961793
1355386015234498560
1355389964993716227
1355526381514461195
1355555833422127108
1355556484130758657
1355575802331623436
1355766485793329152
1355867234535579648
1355976039512612864
1356009792825815040
1356024888637665281
1356065692953366530
1356390938902372352
1356391089402380289
1356391663082622976
1356730511335460866
1356730692541980674
1356916417765863425
1356966437563338753
1356977150604308481
1357014658335522821
1357022294053449732
1357055455160369152
1357083167581069314
1357121792347803651
1357154647211966467
1357162404518350849
1357169338768257027
1357210035311550466
1357258917378670592
1357293855402582021
1357295767388631042
1357316447442268163
1357332767961399297
1357367942627774468
1357381748041089024
1357382740228726786
1357389015532490753
1357389023241666560
1357401740128231430
1357414057129742343
1357430072446119937
1357432224891682819
1357433755149815811
1357450132183085056
1357450275435343873
1357468114338779137
1357473117442985986
1357693135799787524
1357711222372790272
1357725823999090688
1357729989752422402
1357800163507507200
1357800167307575296
1357800173703884803
1357821132645281797
1357825832417304576
1357827468489539584
1357827644755111936
1357828359753879556
1357828799975608320
1357829893040578562
1357830997539135488
1357834101542318084
1357870205960028160
1357872307083960324
1357883038873513985
1357886727164157952
1357906672371572738
1357911806132559878
1357985519779667972
1357993828737830915
1357995184655630337
1358013918992596992
1358028596787310599
1358039010002800640
1358099776701562880
1358101589102329858
1358103287199903749
1358104248932737024
1358105719598444544
1358105726942593027
1358107245611999233
1358114032625025024
1358120470315487233
1358138664375713794
1358144499537633284
1358153413314433024
1358160797055283200
1358308921765691392
1358362438085861376
1358426265670328327
1358721794249744386
1358842331504386049
1358852137137143821
1358866707268259843
1358874747438829572
1358880728642015234
1358882419550507008
1358926014500409345
1358926234390908928
1358926587236810753
1358929291539587078
1358929388599926785
1358934113810591745
1358938955853488129
1358938988258750464
1358940609105518593
1358966025203687426
1358969570497855489
1359006739106918402
1359033335016689664
1359158173723197452
1359202949075976192
1359328620624363527
1359485830490898434
1359507272079208464
1359570334526148610
1359573916054937603
1359590099562889216
1359615632661221386
1359623331511734273
1359658038970388480
1359701453913214977
1359725042620387328
1359835084304470021
1359860631638138881
1359890460282609667
1359911269361471491
1359911293180923908
1359932723331235852
1359964669478379521
1359969802262110210
1360247517171093507
1360354011006795778
1360382238211395586
1360386060811984897
1360394109350006787
1360395775667273728
1360432645553885184
1360439906972016640
1360542029202169858
1360547127986950144
1360549691159687169
1360572746267246592
1360593313297018881
1360612049903112194
1360617495623733248
1360623922627006465
1360624378489102336
1360625104665759747
1360630659866329092
1360664138037547008
1360693328015147010
1360711402923585542
1360711449295933443
1360778163505287169
1360795740000444416
1360931959384457217
1360935115673722882
1360964984231051265
1360992133176385539
1361019911435395076
1361021042031005700
1361097201800409088
1361145177117712387
1361205146705825793
1361552468740562944
1361596856673988613
1361693661604552707
1361766378282254336
1361767381610106884
1361770902841565184
1361810370021761027
1361880037461532673
1362074446132109312
1362079037846388740
1362080904986918915
1362107049073606657
1362113055652519942
1362122146831605760
1362122154289078282
1362124412351299595
1362124588537249795
1362146066783739909
1362323205306867712
1362323643284529155
1362371769135288322
1362461974735552517
1362815130245996546
1362845860963504129
1362856589598801920
1362926359459282948
1362970879815278592
1363016376693133314
1363079070276198405
1363100722800246786
1363185143049986052
1363186629645639680
1363192100146343937
1363239939270463493
1363242309815394304
1363275775261237252
1363307394990710785
1363320961047670786
1363482866601107465
1363498845682991104
1363579030918717443
1363584949371031553
1363650254327996421
1363834499738533891
1363836393915641859
1363841134271807491
1363885856516411395
1363949114195644417
1363980291673587714
1364000261136474112
1364042369692143619
1364077612667006981
1364124336320245761
1364136061807570944
1364154146656579585
1364157033772113923
1364222940426817543
1364285258754125830
1364295635248242694
1364302590834581506
1364331467375923202
1364346214150414336
1364394678993489925
1364649729133436929
1364848885232001026
1364850258526621700
1364867320661692417
1365056925579288589
1365068351014338566
1365068353656741894
1365069961564200960
1365129802412400644
1365225971733979136
1365236913054113792
1365329471247691777
1365336395355738115
1365347810296659970
1365736359760027649
1365760460679692296
1365764459403223041
1366020771215249414
1366039648158547970
1366082051556978688
1366105084933910538
1366108066907901952
1366122259132387332
1366178288637521924
1366276785323737092
1366305801728454657
1366367672900935681
1366369105201278984
1366370922719019008
1366375123977199618
1366383001396006917
1366390436504436744
1366397754411544582
1366501801864822788
1366501981263589376
1366501988251414529
1366502009990492162
1366502084456062977
1366502244045234178
1366502471724580864
1366502511033614339
1366502862142889984
1366503123565514757
1366503167467347969
1366503182826835970
1366503267337928708
1366503742825201669
1366503843232645122
1366504526983929857
1366504837752512524
1366505698130096130
1366506558012592131
1366506559782625280
1366506662496927745
1366506723217965061
1366506816235003911
1366506965288050691
1366507758946770948
1366507816412971013
1366508150170546178
1366508349852966913
1366508610197544962
1366508727436779520
1366508761444098049
1366508919586050049
1366509195906985985
1366509198629044224
1366509598794997772
1366510678958243842
1366511051395772416
1366513389757988872
1366513505625649157
1366519965902278662
1366520340227059720
1366521812264378370
1366523420935086083
1366525439091634179
1366527328638017539
1366528483157942272
1366534553435852800
1366535820950216704
1366536667180519425
1366540233878233088
1366540419073507335
1366544382485217282
1366544889530486786
1366545759651438592
1366547748674240512
1366548497768484873
1366549916835717121
1366552219147984897
1366554039136083971
1366558849495425029
1366560546326257666
1366560624768028672
1366561434658885632
1366565038123802628
1366581447243427841
1366582719770226690
1366583373406347265
1366584225860882438
1366588565996535808
1366588740198612993
1366588903281618944
1366589012878626819
1366589027734937600
1366589221402722305
1366589334342672386
1366593873917714433
1366605508803760128
1366608020529102849
1366618318753439749
1366618329293717513
1366620308325679112
1366625479260798980
1366626808267956228
1366628470608916481
1366639278911062023
1366640244171427843
1366642752818212867
1366643298006429696
1366644750741340162
1366645352837894146
1366648728321331200
1366649908074315778
1366651267234230276
1366654358075568129
1366660868025561088
1366663001630195714
1366664874886111237
1366665516362956804
1366669668111454209
1366670505617608705
1366671144540123137
1366694595589988356
1366699568486842373
1366700018552438784
1366702551161167874
1366719153265119233
1366721075615268867
1366736245687205888
1366737642759487491
1366745420727078916
1366750634029023232
1366753413862727680
1366754902542872579
1366764478289891330
1366766612053970949
1366780399863664646
1366784642309902341
1366785168145530885
1366790048461459458
1366791133318107136
1366791580598722563
1366793387119050758
1366793788513939456
1366794400437841925
1366835617418608649
1366843988507041795
1366845519906172932
1366848167249989633
1366851258418520064
1366853239526809607
1366853877249712128
1366854384529850369
1366855731203502080
1366857176556265474
1366857765063303168
1366858825697882115
1366867306064797705
1366871331350978565
1366885828417454084
1366887807566950400
1366892739887915010
1366893290013024256
1366894377352724480
1366894952102326273
1366905451405709312
1366953359215747076
1366955233012719618
1366956458915504129
1366957442307817476
1367007592833118210
1367019713935515652
1367023233258651648
1367024965837598720
1367025152115023873
1367027124842819586
1367027514481250304
1367034456553320451
1367099195539226625
1367150393650675713
1367176599343300610
1367176880705527809
1367177814852526081
1367180001439670273
1367180996395683842
1367184411045687296
1367248852781301762
1367280755143888896
1367280786102050816
1367287447831384071
1367288203347193856
1367317539668307971
1367369790549979137
1367527342067707906
1367547565411950594
1367625004595228673
1367712247997370369
1367791258660446209
1367791794675716096
1367918485293178893
1367937594307325959
1367944515051470855
1367945267480248321
1367946147986366471
1367957274266906630
1367957456320610304
1367965060337983491
1367965283030364161
1367965348385931275
1367965354836832263
1367965386004692995
1367965459916685317
1367981051793047553
1368001395316637696
1368008883810095104
1368011752106061826
1368012306446188549
1368021369942900742
1368034684211499010
1368036494133362696
1368134088872386563
1368258872880885766
1368266226066132995
1368280377463365632
1368282643679375367
1368290129295646722
1368297626484015104
1368342201667903488
1368345258644357132
1368363648025047048
1368364888310054912
1368508904393609217
1368562754534187011
1368584279496736770
1368596756536164353
1368609770551336963
1368618949919801345
1368620264062214144
1368654811126763522
1368678114960830471
1368768636127617027
1368770704166903808
1368813659284242432
1368897905277476866
1368900575971147777
1368953363564556293
1369061401059278848
1369080545741832193
1369279190785093638
1369287176937168900
1369348822338506755
1369556995339128832
1369610483007959042
1369717197036285958
1369718237013901312
1369729747136184324
1369730245813805056
1369733023986515975
1369740923127627785
1369788698926125058
1369813036806983680
1369906725734653953
1370049762536263681
1370124628157403139
1370138147653308416
1370196655136444421
1370202478025834509
1370225561151418373
1370249406637817856
1370362897684135938
1370425940396797952
1370458340870909953
1370471976054194183
1370479425482076162
1370480005550125065
1370552022852759552
1370557812875563008
1370558764147826693
1370565966380331008
1370589173585960963
1370750718445981703
1370766237224026112
1370779728228065283
1370853756481499141
1370877354982146048
1370879065356439552
1370912726252462082
1371090607679082498
1371107222885969922
1371128915859804161
1371131605281017858
1371191754196672512
1371340090551713794
1371378704983674881
1371483625171062788
1371500908496961549
1371554042405588997
1371613097702608902
1371613515979587584
1371614417335554049
1371620426644881412
1371624681065873414
1371647206294392832
1371716519986597888
1371718315006103552
1371730402835042304
1371735824514039814
1371812498756694019
1371828124158205952
1371862191566163972
1371864175643918339
1371909158539247616
1371923973873750019
1371930888670429189
1371931036880363528
1372401880215683083
1372479333663580160
1372667598706515968
1372679809743126537
1372681618285023232
1372735709656793089
1372755100293165064
1372986382684192769
1373008454810529792
1373014720890896384
1373216860162961409
1373253677906075648
1373266968933990401
1373337342245707778
1373352252753215488
1373541479461892098
1373566529283952641
1373614191509143553
1373630891797442562
1373671211717292040
1373682031603892225
1373692058590920709
1373735627632545794
1373738444841611265
1373738794038493191
1373888934032334848
1373933298842542084
1373961343238299649
1373982273385721856
1374072497717542913
1374253871846068227
1374255505527484416
1374859473861410818
1374883586751533059
1375068103294468100
1375107227439226885
1375110288631029764
1375156515791908867
1375224536422039557
1375482778809217028
1375485914961620997
1375489140549107714
1375489989891489795
1375490230782922757
1375491416953077761
1375493015603720192
1375496323387039745
1375496774698340363
1375498331242266627
1375501610626002944
1375502168405467142
1375502519087075331
1375502626633175040
1375504464707207173
1375504979184791553
1375506926025404416
1375506940361515012
1375506944048340997
1375510201256697858
1375512535110090754
1375513467579326468
1375516503156527104
1375519733613748227
1375544210485616645
1375561152034451457
1375561855876395018
1375563063781421057
1375564439324344324
1375566292099432451
1375570043082248197
1375621349209690116
1375621433598992385
1375622647199989760
1375626653766930434
1375758854143770624
1375772353179873286
1375790207442812932
1375795959410651141
1375814637455822848
1375816623664271364
1375908600405753867
1375928412586577923
1375944578608607243
1375997986568691718
1376067909328441344
1376072289981235202
1376119387065888773
1376120212538466307
1376161396048678914
1376171548919394306
1376172227276644353
1376174128806436869
1376180054615592968
1376187023212576773
1376203666642890759
1376247776183517187
1376250529953816580
1376265202539331591
1376272597470609410
1376283071847206913
1376287170818899969
1376298518797684738
1376299371520724993
1376306597287317507
1376315714542391299
1376321064939175944
1376330298535899139
1376367773979316224
1376372879751852034
1376383240458665985
1376427905731846148
1376436981132054534
1376461728108716033
1376488056585392133
1376493125611491329
1376497115250184194
1376497174209511432
1376500138634575872
1376501128523886600
1376502142261993477
1376505770364243968
1376507473767641090
1376518500487946245
1376524462871486468
1376524973561540616
1376537178570903556
1376545227343863815
1376561410612822021
1376562544597467140
1376564794216607750
1376573307454156803
1376573462899200005
1376574950161666048
1376579073670053892
1376582531777241090
1376592189678030850
1376598674516639751
1376607809714946048
1376608243036872708
1376628204950130689
1376628243848126468
1376635298151550978
1376640479010390018
1376640715522990094
1376640953641996292
1376652411096420358
1376657463932510214
1376664313193238528
1376681372157378563
1376718305214541827
1376741332929150978
1376757146839228419
1376904012058988547
1376994375532691461
1377056915864264704
1377093171163844608
1377194896906461186
1377505763099344898
1377588896167510016
1377669874537926664
1377672032738025483
1377672463308500993
1377683370034008066
1377692375150166021
1377695954669821952
1377732389443563521
1377735909500665857
1377756481102127110
1377803658998472708
1377885522727731203
1378056541144817669
1378129158245543937
1378386008115343363
1378388015593136129
1378573810941755392
1378591621021720578
1378675391582330883
1378762313575055363
1378798176430387209
1379085278669770755
1379087623495553032
1379088196609380354
1379088726584922117
1379089024795750400
1379089131767226371
1379094784397152256
1379095703759290368
1379105937932361728
1379108001156452355
1379110733208674305
1379110961991286787
1379112964003880966
1379114639481573377
1379114716430278657
1379117097624604672
1379120260809379848
1379120638745571343
1379120750666260480
1379121513501237251
1379121693801783297
1379122383768842242
1379126099699974145
1379133688831688707
1379166344172736515
1379173596061433861
1379189341868544000
1379193090754322442
1379202413605830663
1379205965900300290
1379208480746266625
1379218453886873600
1379224046609387522
1379230289524850691
1379258719796531201
1379262326931484673
1379263481623445506
1379264368328597504
1379265525507710978
1379266915307302914
1379268228120244224
1379268470798381062
1379295210442784768
1379353722464047104
1379354566496489472
1379371897243176964
1379372173727531010
1379375143219159046
1379375496237027328
1379380309796458497
1379381714108227588
1379382434345664512
1379384560765394944
1379385063163396096
1379385101977579521
1379386060514418696
1379386343835508742
1379390721199902726
1379431369948885002
1379485054368370694
1379495309773049860
1379572730530521089
1379625755605405697
1379776855033704448
1379824642240753668
1379889613855145984
1379901355570176001
1380045235984601090
1380066196456882179
1380071392213925888
1380441084162113537
1380711444677812225
1380747250192805889
1380873487783452675
1380947861135896579
1380948510649020419
1380948513786359810
1380949729358532610
1380951337031073792
1380951483420655618
1380952436760793088
1380956455138947074
1380957193680326663
1381039638761078785
1381064907735638018
1381093559923773440
1381196471404523520
1381236428349304832
1381239106332618757
1381240378196656131
1381244092789706752
1381245016199344131
1381250427946160132
1381256427499556865
1381258183835025412
1381258356946575361
1381268847555092483
1381302573953601537
1381328766077702144
1381343220408401924
1381358290093940740
1381365905087729664
1381468319799123973
1381690552899489792
1381741555179008000
1381741902769369089
1381742611984220161
1381771090632974336
1381921534844006404
1381922217261416453
1381972603166994434
1382119228464062466
1382375143016697857
1382396124233826308
1382396305507426308
1382397973909344258
1382406466313846784
1382414676479287296
1382417707019112448
1382431875575148544
1382638892692692995
1382667278232166404
1382701213855141897
1382704973209858059
1382806663665754114
1382825273960194048
1382913957476724738
1383070922366590983
1383120049800630272
1383139867333378051
1383168721770971140
1383172818049851398
1383228927561269248
1383237480548237316
1383292893431885833
1383381951843749893
1383438760633769984
1383439873923686409
1383442262500122625
1383443353035894786
1383449923635474437
1383490870171770882
1383602689028755463
1383728055131119625
1383787612125597707
1383833449794916355
1383834519069855748
1383837623844626432
1383850055866544137
1383869425116356608
1383871018490494977
1383894225381584904
1383894458501001218
1383904954608340993
1383945224913756168
1383945439859204096
1383946471607730181
1383953876475289603
1383954969238274052
1383956555763109889
1383962019485736963
1383976207524397057
1383984556252930052
1383990130164178950
1383994033177915394
1383996645117857800
1384029260952653830
1384136455413387268
1384145306690879496
1384157299938263049
1384290692751519751
1384296026203299842
1384296863789027332
1384330906270420992
1384339351555907584
1384339995561955328
1384340972151001089
1384342791833018369
1384344879887798273
1384356598966063105
1384407072075358210
1384484770336280580
1384484927123726336
1384484956093702145
1384510952523984897
1384573441852989442
1384588549807349760
1384617683228844040
1384644204568141825
1384667161549885440
1384669328260227076
1384871735170904065
1384901815985135616
1384911711761833986
1384922908024266759
1384925797643870210
1384978818125938690
1384988110140821506
1385029347636039681
1385064967955701766
1385075286673293312
1385081510319902724
1385178744994861057
1385249739642347523
1385266497329803269
1385277271599194126
1385316347228262402
1385334791093030920
1385335067325652996
1385385606449041408
1385392631996461058
1385457968079060992
1385475145586724868
1385527667542220816
1385529844545380355
1385549280740581379
1385550149875912704
1385564701610946561
1385566442712600577
1385589855179083780
1385601546902253570
1385601606398447618
1385601857318436870
1385604155423739908
1385605534787817472
1385606884640665609
1385608833511280640
1385610496586485762
1385615172681691137
1385618952097656833
1385622458598891525
1385660673150136331
1385662375139987458
1385691176221790211
1385696969503350784
1385704008027983873
1385713243616813060
1385726363173281799
1385840896294498305
1385867178302316544
1385951268909338625
1385957293947248640
1385983269636804608
1385983749788217345
1386049065771839492
1386194407892963329
1386214154760032257
1386271264659185667
1386375504224309250
1386721012172173323
1386882309484421124
1386882657234022401
1386885360534409219
1386886465754320898
1386888148903473155
1386891694029877248
1386974485966958594
1387051958796656641
1387060982497828867
1387064267380170754
1387069941111795718
1387083558125252611
1387089759848259586
1387091094836596736
1387097401127841798
1387141351318433794
1387214133884461060
1387222414225027073
1387248169981923332
1387262241108549634
1387279669628575745
1387308359892836352
1387314253988827136
1387314999840935938
1387352010756866049
1387434462301102082
1387434600646025219
1387456730821447689
1387559785088929792
1387577759992516608
1387594496595091459
1387596130268192769
1387598139687899136
1387598710897627141
1387601535518101510
1387710101134401539
1387969604236963840
1388008337241907204
1388013529223995392
1388053820932984836
1388066810075906051
1388097883409367040
1388169646889648132
1388175093080145924
1388192186869731328
1388240148911976449
1388460379873759233
1388482426268176387
1388500225929711624
1388506492949696516
1388579519666302984
1388613059929726976
1388682087570493440
1388781876387663875
1388836385646317571
1389137918309056512
1389189524249481224
1389189602183815170
1389210028138242049
1389283124551503872
1389998096269017088
1390255737390182402
1390367383093657606
1390436476878528515
1390459040363331586
1390508263976833025
1390621372422963206
1390623425891389444
1390657110959136769
1390768654556581900
1390890165514735619
1391026338941833217
1391085649936019458
1391097693515169792
1391124484598476807
1391160095275241473
1391340107387572225
1391343113810087938
1391344297820102658
1391372521094668290
1391470696329617408
1391518130992726020
1392168957239603203
1392169712348499971
1392173302853115906
1392286705609285633
1392350481884737538
1392371262899560449
1392375574807597056
1392595941220225026
1392596049018167297
1392617778482323458
1392640171397554179
1392818322975174658
1392987180985954307
1393308726933794819
1393562218931818498
1393799926795079681
1393910125170208771
1393910660686389250
1393912736594153474
1393926722441994246
1393928714782756871
1393950808786472965
1393953003070185478
1393963627636461568
1394008812294746114
1394661522849341444
1394674979766095873
1394679290696855556
1394700644808904707
1394812341804408834
1394940529587130369
1394994358676561928
1395050159176765443
1395119104953143300
1395123126825103364
1395157767883788289
1395240506960093186
1395347478812168201
1395679036580446213
1395709543556976644
1395768603530735616
1395836329737527297
1395837856862593025
1395894433334194180
1395910755548123137
1395933220881932297
1396058728139526147
1396245265779073025
1396247633585311750
1396247702858387461
1396381437629132802
1396389208806215680
1396469537562939392
1396594441478033410
1396596680997294082
1396596784131190786
1396599282031992835
1396823518105440259
1396956403785416704
1396989478904889344
1396996256044490752
